4010
973
1636
3275
3472
3117
2113
3170
4753
4915
2048
3264
4322
1022
1566
1368
3534
4415
3152
849
1617
1144
2204
4875
3508
776
2036
2162
1533
3448
2125
2182
639
3158
3488
1702
616
2537
1066
4545
4648
4781
4986
2190
1132
3528
2647
4327
1596
3186
1606
3943
1716
1695
3068
3146
4275
2099
995
1045
4165
772
1719
4704
4434
1888
4246
1243
1472
4574
3113
2328
941
1337
1510
1326
1648
2982
2204
2496
4844
2777
1579
2601
2866
4700
1709
4375
2270
1892
936
4551
4956
2987
4900
922
1710
3201
3531
2220
2832
1844
2588
2446
783
3284
1977
1563
3105
4881
1114
890
1748
781
4085
538
682
1262
780
1048
4461
773
4965
580
872
3455
2503
3295
3076
2185
3206
2195
4895
2662
4706
1230
3393
3153
4218
2836
1650
3955
1418
4647
3811
3823
852
3209
2469
1423
2294
4319
3579
4431
2398
4342
4523
1514
2728
1897
4186
803
4132
1014
4786
4573
537
893
3299
1071
562
4842
618
4151
3971
4805
1101
2904
613
1613
4177
2476
4384
2242
2428
1668
4059
1284
4208
4457
890
972
1765
3573
1668
2070
1063
4076
4274
4315
2577
978
3581
3803
4774
2604
3049
4047
4740
1837
2097
1992
3728
1386
4538
998
3620
3102
3024
2903
1894
527
1924
4167
4587
4604
2413
1497
3973
2385
2465
2254
1853
4691
1079
1464
2309
1167
2005
4462
4414
3030
1771
1894
1192
1094
3385
2931
1290
4445
1090
2454
4761
683
1124
3008
3232
1101
1704
2214
3949
928
1538
4139
1559
1812
3627
1857
845
3168
1574
3040
3837
2984
2842
3129
588
4755
2893
786
3432
3240
1577
3219
2872
3859
4662
1929
1593
4342
2878
1683
3835
2065
2781
2776
4462
2328
4769
4274
1693
1883
3106
3918
1317
2013
3015
4032
1604
975
3669
3457
3800
3366
3018
503
3024
3441
1328
1530
848
2959
1248
4872
4662
4413
3599
3881
2330
4010
4789
4532
571
3047
4072
3613
3427
4787
2233
1439
2114
2337
2438
4476
4961
1534
4206
897
2638
4007
513
1267
1985
4157
4629
1747
3130
1756
3276
2306
4024
3770
1709
3972
2908
4868
2561
567
1069
4307
2680
2754
1425
2376
1762
1282
2808
4574
3653
4992
1108
633
1246
2528
3823
3476
570
3104
1148
4120
3697
3836
3454
4308
4073
4958
4039
3244
521
3608
1694
4410
1037
2361
2250
2582
866
2959
2767
1339
1391
2163
1234
1566
653
2859
4445
4049
645
960
4038
3741
882
4113
2077
1703
2140
1877
729
2571
1779
1704
2303
1765
725
2689
3511
1416
2291
4491
1069
3588
2930
2073
2745
2307
3501
1913
4266
581
1383
2397
3781
2786
1193
3944
4401
2324
3172
3644
2694
1157
3760
3752
965
638
2902
3953
4299
797
1996
2246
4016
604
2519
644
4821
1271
3654
2525
2250
1135
2812
2739
815
1661
629
3542
3760
1415
3164
3454
554
2565
2528
4006
2036
1364
4488
2346
633
1593
1780
4782
2956
2052
3665
2564
2307
2128
4596
4414
4908
2104
719
4094
1504
4222
4810
4502
1757
2534
4853
745
1123
2289
1246
3149
1944
4137
855
1392
3464
1650
2802
1513
4528
3403
1854
1304
3720
4980
1428
3464
561
3697
4110
594
4644
2301
3949
1342
4849
4593
2236
4261
3640
1799
1717
3245
3404
2697
3663
594
1407
2264
4857
3761
4200
4488
572
1621
3524
2402
1393
1442
1099
1474
1010
896
3431
2162
4905
945
3992
1315
3787
1270
4273
1518
2579
2524
4437
3428
1783
4261
1791
4949
1340
4250
3727
4446
3022
1011
4093
2665
2811
1497
940
1833
4902
2441
2040
564
3632
4380
4001
4282
2218
2021
619
3344
2374
598
898
4999
2349
4942
587
3689
2286
869
4674
3536
2947
3040
2748
3273
3899
2226
3310
761
547
1170
1028
4199
2462
3835
3193
3144
4003
2850
1968
2366
977
983
1409
1437
4474
1974
2222
1142
1065
630
3915
4566
4787
2751
2742
683
2235
4326
1525
2562
689
4313
1665
1972
4348
3143
3476
909
3091
2555
1033
910
1407
839
3418
842
504
3997
3547
723
4453
2209
1370
2458
4242
4497
1731
3808
2495
1416
4911
3653
4285
3380
886
3525
1340
4825
806
4399
4672
2757
2939
973
4779
2490
2925
4689
1052
4113
2844
2278
3817
1165
2535
2973
511
2130
1327
3772
3494
2006
3879
3004
2814
624
1557
1429
3389
1260
3190
1023
3932
1063
3256
809
1845
643
3477
4223
4205
4009
1801
2627
3385
3984
4425
918
2773
2049
1325
912
3404
1763
2872
1959
4754
1845
4733
4494
2521
3494
4942
3793
820
4382
3488
2841
2701
2910
3931
4587
2547
1354
2818
2044
1526
2509
629
3741
1202
2133
2411
3523
2280
2241
2899
1177
3539
2888
1375
1219
925
2717
2162
549
2742
4628
804
4490
2576
1545
2951
4475
4407
1865
2701
1017
3707
774
3807
2177
4235
4352
760
3371
2771
1156
4782
1890
4386
3315
1157
2819
866
1760
3545
2206
3861
3736
2084
4109
3083
1707
990
2436
3606
2019
3469
4750
3772
1672
4643
1580
763
4129
1175
4675
4908
848
3388
1943
1966
1017
2399
3983
3249
4122
3550
1534
3101
2688
4835
2784
1409
2199
2093
832
3948
3817
3524
3894
684
3544
650
3376
2441
1700
3409
1609
3577
1084
2393
4255
1472
3369
2868
1593
595
1180
2205
875
2342
969
793
2537
2382
2488
570
1881
4995
1284
1980
2820
1768
1069
3376
1824
1919
4081
4141
4583
1309
4271
2764
3319
1337
4547
3025
1744
2790
1721
609
1166
4988
3588
3104
4883
3711
2162
801
3870
4047
2970
3882
2873
1465
2375
4189
3277
3088
2032
2741
2434
707
1959
2034
2482
968
4972
2236
4268
2331
4932
4890
3916
1914
4335
3842
3267
2459
1476
2476
1704
2622
1708
938
1826
2573
2210
2012
2422
3076
3357
3248
2220
1038
585
3309
2425
3275
869
2555
927
1338
3644
999
4730
1001
2527
1008
1614
2791
4588
2569
581
518
3595
3029
4693
3292
4990
2054
1542
1249
2122
3390
1490
2905
4010
4458
4401
4404
1728
2968
1699
1291
1071
3686
2305
3365
4983
3036
4060
4271
3538
1650
3572
1753
990
4005
1934
1900
1749
2854
968
4976
4942
4301
705
4290
734
2442
3759
4000
779
3888
4534
1046
3616
1759
4914
3362
826
4305
3432
2038
2010
4054
4062
3581
4561
1840
2231
1073
4711
3479
4672
1359
2169
3327
4323
3794
1885
3751
3441
710
4341
2654
1837
1339
1778
2562
4660
4606
3424
2603
4295
1394
2376
1681
1767
4777
1690
3504
4214
4828
2458
824
4414
2244
4443
4460
2252
3876
3776
3704
2463
1896
3191
3800
4228
2984
4006
2264
2503
1429
2688
1648
3144
1240
4607
2987
2024
2572
1853
829
2227
2315
3501
3836
809
1732
3447
4663
2618
3115
2837
2646
2933
2941
1913
3023
3277
3455
4109
4585
4477
3186
1790
4609
1732
3071
2858
753
2455
4719
4746
1120
1091
3288
990
746
3329
2646
4846
1785
976
1969
670
3255
3034
4706
4856
3213
1031
4803
1060
4053
3687
2924
1691
3297
4723
545
3649
527
3063
686
4604
2849
3318
3901
1701
4618
1496
4825
3632
3389
2640
4755
4756
993
803
4528
1910
1664
1729
1238
979
2744
3353
3495
3113
5000
1514
4137
4447
1190
3160
726
2454
2677
1375
4882
3356
2042
2688
2066
3018
2440
1615
1645
3978
1395
3853
1268
2710
2144
3348
1813
1647
4524
1509
4945
3300
1146
4218
1721
4815
4669
1914
2024
2321
674
1983
1098
1276
4438
1354
3189
2021
4858
1837
2694
4628
1521
4885
523
1174
4806
1551
2693
4209
4606
3785
4342
522
622
1399
4291
3008
3700
2306
2568
2776
859
4515
1540
1709
2514
2061
1248
3923
3225
3501
3815
3399
2024
4917
1848
2505
1513
4461
665
753
3953
899
1710
4334
3475
4340
2938
638
1807
1410
780
4133
2920
4599
4293
4547
1548
1665
3781
790
558
3233
4058
1606
842
2843
4339
3930
1037
4932
3397
3474
638
889
1116
4791
923
2030
892
2506
3585
656
4890
1249
4731
3296
2842
3322
4107
660
578
1189
2562
2371
3813
3753
2203
1368
1047
1176
2600
2512
1171
747
4240
3903
582
3234
4157
3659
2722
3273
4436
786
1054
4768
4338
4403
4250
1235
4824
4071
4915
3736
2866
4993
2109
4201
4926
3770
4547
1259
4328
2726
3613
3573
928
3643
4869
4549
1489
4406
3898
2047
2812
1136
718
1332
2475
1669
3241
4848
3361
2557
2060
1042
3012
2603
572
2479
2592
943
3368
1237
3801
4287
981
2376
1162
686
3519
602
1207
4887
1224
3276
3452
4137
1540
1114
1303
4536
3617
2665
4233
4094
3286
2773
749
4923
1449
2019
4621
1094
1059
3149
4527
4147
3420
4443
4946
3924
1269
4807
2766
1428
4908
2354
1185
2531
1441
3065
4416
1420
3316
4557
2220
3725
1578
3589
1737
648
2387
1158
971
2023
3411
4840
4418
4687
1167
2246
1116
1577
3119
2618
1287
4073
2731
3801
3610
3676
3817
3922
2071
1473
4137
3057
2172
2113
4948
1698
821
4429
4346
1594
2658
4624
3689
679
2101
2026
1821
1881
4777
1706
2086
2477
3581
1836
3618
2535
3912
743
4586
904
3238
3259
759
2343
2987
3734
4378
4075
3278
4126
4949
4971
3761
1365
4419
4780
2849
3474
2618
1106
3121
3222
623
2865
1149
688
1630
621
3545
4758
1361
3058
4274
1595
718
1495
3373
2653
3355
2689
3573
4556
4419
2794
4650
1310
1367
1317
3642
1077
4655
3564
3129
1109
727
4550
2400
4291
3149
2051
3055
3558
3539
1911
2245
1233
1910
2239
584
535
3102
4584
4077
3009
1072
1995
1001
1852
3515
1949
1632
2574
646
1322
1333
1188
872
2302
1692
1043
951
1935
4774
4096
3491
4773
1406
2637
4107
4443
1947
4115
2583
540
854
3469
3392
628
3064
2221
4626
1903
1877
1155
1925
3311
4331
3370
507
3438
1289
794
3198
1269
581
4900
1588
4501
2401
4509
3201
4138
3075
722
2997
1626
2915
3654
3192
3172
3612
4741
2680
2644
2407
1748
4422
2383
531
4902
2583
3513
4171
2088
4624
995
4670
3807
2422
1454
2081
3240
4707
1979
649
2021
1306
668
3419
3475
3170
1988
3512
2046
3657
2162
4658
1211
3970
1777
4610
3603
1311
1630
3217
4225
3104
915
4036
1032
4361
1515
4490
3177
3232
548
2141
3508
4448
3045
3974
1796
4119
1081
1634
1390
3537
1994
1233
4900
2236
2155
1352
1649
4118
4937
3003
3654
2894
1498
3488
3842
992
2591
3574
4380
4265
569
2590
1252
4859
3631
3117
4719
974
622
1702
1595
2514
3439
928
4339
2770
3042
553
1786
691
1800
2508
3344
1845
3333
1883
2619
1642
4873
4976
643
1674
2887
4586
2701
1717
4089
4055
3793
2788
903
4728
3320
2306
3057
2988
4051
1999
1387
835
2118
4196
3394
1423
2692
4191
1196
2385
557
2398
2552
998
3436
2187
2534
1524
3091
4176
1342
3681
1766
1950
901
1268
1317
2368
956
1062
1750
3449
4523
2609
3297
4295
676
4109
4553
3260
4748
949
706
1582
3629
1401
2478
1627
4925
3353
3275
4911
3601
1579
4118
4252
978
4193
4412
3133
3486
3733
4366
3524
1185
4117
3855
4415
1107
2851
1011
4523
3788
3596
928
1737
1106
2608
3905
4719
3357
564
3418
2072
838
3982
522
4581
1616
2418
2021
4032
2538
4267
1040
1225
3276
886
4872
674
932
4867
4351
567
1023
2658
3438
2425
1246
2472
1107
784
2054
2723
4801
1813
4571
1089
3366
2943
724
3930
3401
2237
1291
1864
1107
4459
3558
3735
1525
2235
3899
4041
4564
2058
544
2515
4547
2207
4862
1537
1906
1006
860
1201
3516
1001
1056
3251
772
2488
4616
501
2897
2917
1427
4892
1160
4462
1218
1331
3607
1237
558
3968
2118
844
3866
1595
3117
2600
2261
3753
2100
2964
1546
1400
1991
2528
2601
2266
3035
1937
2983
4239
1190
4481
1150
3163
699
4616
3851
1588
4199
3038
2468
1389
938
4327
3623
658
4889
883
2066
3519
4177
1075
1505
2049
3767
2519
4533
2340
1943
4416
1668
4010
2774
4335
948
3404
1964
1897
1168
531
1999
4254
966
1497
2638
3070
4640
2968
3389
4854
4374
1165
1123
3880
3295
4927
1438
2581
1941
650
4980
3406
3934
1279
4257
866
1074
2788
1644
2905
4073
1192
2040
1760
3897
652
2567
2474
3579
3140
4787
1505
1849
2949
4856
3792
4376
1360
4192
4580
1202
3000
579
2008
4167
3794
2820
4959
824
1894
2404
3874
3065
1194
926
2414
4647
3664
4029
2082
2810
2079
4298
592
2401
534
506
1588
3593
1746
4333
1097
2696
4925
2414
1423
656
4353
4501
3997
1238
2016
1364
2378
4071
1207
1596
3785
2126
3989
4780
4031
3565
4998
4737
1867
1460
1059
4921
1182
3695
3508
3193
4238
1342
1583
3847
1488
1359
1322
3126
1101
2399
2091
2335
2371
4683
2430
3604
1726
4010
4794
4051
3339
3241
895
1748
4084
3763
4805
4918
2065
1072
1900
2506
4581
830
1630
2955
2662
4091
618
660
4873
915
508
2863
1946
2613
649
3294
2068
996
3653
4527
1404
1878
2344
3072
1209
2288
1245
1749
3631
1782
4225
4033
3947
3890
3082
3791
3500
2115
2206
1620
1672
897
1584
708
2511
3981
1183
649
2621
2808
2091
3346
4201
2159
2461
3523
974
4538
3780
663
3368
3004
2832
4172
4416
4733
2688
2338
4436
2318
1357
4617
2598
999
2064
3564
3399
4046
1417
1441
1451
3450
541
4880
863
1672
1195
2268
4347
3560
1500
3340
644
602
3382
611
2023
2378
3845
1817
764
3967
3416
3613
2986
901
2101
617
775
3235
3045
3559
4629
1192
3385
933
1124
647
1001
2288
2293
4405
4904
3933
4450
2803
2344
1159
1347
4608
4900
4399
1178
515
749
888
1673
4545
3821
3229
4929
4617
548
964
4436
4329
1671
2788
575
4482
3426
1918
3497
905
2698
1310
629
4998
3735
692
4161
3486
1126
4732
2927
3542
1560
552
2974
2135
1232
1014
4264
4905
1719
1690
1157
4175
2641
3935
1187
1952
822
1327
1424
1420
3740
1034
2649
719
1120
4924
4759
4343
3447
1632
2442
4766
2336
3334
1201
2183
2558
2523
1304
2194
3179
2649
4337
2071
3440
1322
2310
2482
2813
4497
1497
1832
4094
2399
830
2169
2635
1417
4174
3269
3516
4939
731
2331
3872
3509
4428
1442
3946
3015
4957
2266
4056
2041
1997
4884
1925
1109
4631
3919
1369
4284
4898
2286
3234
3655
3399
3668
1462
4054
4417
3142
2872
4895
682
3507
2275
4213
1183
4710
4955
2467
2959
2025
589
2422
3658
3761
2602
1933
2975
2970
1230
1859
1545
710
2060
744
3895
4701
2834
2806
1997
1382
2505
3484
1300
2725
1199
1411
780
3047
4592
1070
2215
1017
523
1705
1818
1853
2945
4621
529
1510
1726
3464
1599
3799
2187
1343
2778
4158
2792
4242
2684
4894
1594
4162
950
1560
4109
3166
1984
778
769
1205
3943
3956
3675
4853
1476
4598
1315
4453
1098
3338
4694
2957
1977
3789
1613
1823
586
3574
2946
3263
2966
1623
1466
1055
3116
992
4014
2089
3822
2533
2376
1513
4761
1456
3188
3182
3390
4953
4526
3945
4605
853
4580
3771
2555
3659
3546
4527
1000
4605
933
3081
2827
1063
918
4528
920
2124
3996
3431
1082
4423
1183
2282
1905
2256
4976
4606
3533
2663
835
4569
1329
1881
1577
907
2750
933
1103
3014
1293
4352
1223
4788
2514
2927
4132
3916
2324
4744
4424
4732
3747
4124
1911
4557
974
2258
3779
1587
2642
3714
634
985
2694
3391
1993
3989
3675
4423
1612
2035
622
2019
4310
4283
729
756
2502
2989
3666
1020
2237
3387
3342
4296
1712
3838
1159
1270
627
2467
1167
2158
799
853
3456
3016
3659
2684
2202
916
2308
3316
4521
4497
778
2543
3456
3331
2351
3752
644
2509
661
4387
4608
3403
3665
1055
2816
4983
2121
1397
2343
1529
3598
3764
1514
3011
1694
4522
3203
1270
592
3035
3120
2055
2983
1658
2896
3720
1169
4641
2359
3427
3994
4294
1024
4172
3278
1136
613
1748
4409
1386
3359
4405
1744
518
3126
536
1290
860
4789
1344
4840
3345
3913
1110
3105
4292
3748
511
2377
3588
4485
1897
1576
2765
1813
1353
726
3461
646
566
2185
3491
1663
2148
4862
1397
1666
1155
965
915
2808
2520
549
4095
789
1722
4115
1439
3951
1059
1821
718
4576
3186
565
4532
972
2963
1397
1862
3321
2817
4717
2147
1446
1363
784
871
3368
2097
4270
1692
4349
726
2191
2102
3738
2636
2313
2673
4943
1502
3801
872
2065
4941
899
676
1939
1299
3824
1366
4447
1546
1818
3343
1393
1222
4514
648
4107
3951
3035
1311
1997
1372
3166
2142
4106
3436
4790
1938
1398
3502
2519
2079
3487
974
4852
859
1928
4445
4730
3256
3691
1443
3091
678
1170
4616
4219
4626
1091
4733
2950
990
838
1171
2259
4703
880
4916
2419
2211
3735
742
3873
1868
510
2507
2980
1809
4896
985
4787
746
1339
3361
1206
570
3942
2502
2999
3418
3674
1861
4467
2518
1177
2362
2748
4725
3386
967
3170
2366
3364
4674
1685
3197
2167
2875
3653
2635
1012
3030
3575
4004
1536
2515
3407
4787
2870
3603
4663
1350
2563
618
3348
3754
4836
2447
3036
4385
2846
911
774
1307
4200
766
4707
1501
2083
1846
4787
3733
1234
3734
2104
2171
4544
3067
3960
910
1098
2901
1665
1705
3847
1732
3445
3676
1115
3191
3498
2292
823
1949
1557
3556
872
3779
3859
1427
1528
1827
2129
2118
1469
3754
4072
2606
2245
1018
2703
4639
765
904
2653
4736
1452
4791
857
573
4057
2163
2156
4289
3282
1946
4631
1963
1772
2490
4273
817
3648
2109
4194
1137
3649
4770
1105
2616
3161
2581
3785
3980
3012
1668
4199
651
2704
2309
2296
3570
4198
3177
4221
3652
2758
1412
3156
4718
787
4706
4224
4747
1405
2649
3822
4711
3660
3007
1019
4227
2390
3824
4139
3540
2216
1984
1065
1113
4027
3663
4737
1665
4578
3329
852
890
691
3502
3602
2580
1786
3232
1441
2483
4947
1545
2668
591
4671
935
4779
3913
3931
4722
508
755
2734
2195
1685
2518
3724
4676
1725
626
3453
1998
3360
1231
1121
511
3247
924
1875
3420
2820
2770
3972
4043
2911
2128
566
1325
555
888
881
1415
968
658
4681
3662
3678
933
2696
3270
4618
2122
1858
1571
1260
1830
2223
3402
3680
4441
2918
2645
4446
3042
4104
1285
4562
4524
3492
955
4954
4297
1716
3667
3860
1114
1412
1753
4832
2184
4984
556
4058
1368
3787
2214
979
2578
3513
2018
535
1648
3258
1287
3831
3473
2040
566
4917
1032
2810
2122
1981
994
4010
662
852
561
3281
1139
1124
2766
4988
3528
757
1179
3233
1880
3893
3583
3143
3609
4738
2165
4740
4529
3157
662
2121
838
2343
2764
2904
4913
2098
3077
736
4212
4667
533
1097
3734
3464
3171
963
3819
2978
2961
4708
1523
4524
2642
1865
1325
3802
700
2442
1294
2795
4211
3544
1181
4018
4662
4635
4672
3694
2329
2947
1051
4069
1155
4475
4737
1684
3562
2049
1469
4029
2931
921
4384
2604
3529
3574
4464
3769
1536
2686
2056
4546
887
1624
1335
2884
3502
2101
3531
823
2990
4853
1797
2396
3128
4199
2888
3790
4859
4500
4925
4051
2926
862
2484
3797
1230
1257
1203
1489
3052
3051
2286
2636
3959
1297
3686
2496
2396
640
2126
3733
1773
743
1710
3513
1245
861
3176
3732
3153
2670
1511
4971
852
4239
3091
3670
665
4545
909
3885
4197
2094
2264
1723
623
2355
1023
3154
1786
2613
1394
4836
1367
1546
1217
1375
1136
1246
3867
4634
508
3052
2982
4744
4191
3277
4775
1742
3010
642
2807
1661
3776
611
771
4655
4574
1972
3542
2271
3234
1092
779
4997
4132
809
2126
3965
2521
1421
1017
2045
4967
2499
1948
2936
2276
902
4610
940
4612
1679
3549
3339
1167
2897
851
943
2175
2438
3556
4265
587
3633
747
3986
2923
3678
1150
1072
4436
4910
2682
3204
4261
1719
3213
1620
4278
839
1954
1663
1311
598
4408
3741
3344
1986
3334
4033
1790
903
4308
2383
1054
3829
1527
1024
1787
1696
3407
2821
1268
1994
3723
2019
4337
3302
2696
699
1937
2750
2950
693
863
504
4084
2004
3090
3410
2331
3056
3711
2876
2681
1924
2693
4713
3653
3242
1748
3228
3155
3837
1480
4457
3984
4088
4876
2718
4725
3126
4852
4577
1982
3266
800
4580
1397
2290
4567
1440
720
812
703
2242
1444
3493
2878
3094
4901
4977
1522
2315
3060
3599
1151
3819
3614
1672
3972
4512
4028
1398
3931
739
1479
2541
3541
1146
1597
3352
987
4826
2401
1531
512
3770
2768
3004
814
2524
2093
1454
2558
4058
2668
2113
4671
4819
2524
3229
1734
4128
3740
1326
4698
4636
4896
2112
1284
1643
2310
1231
3418
1337
2037
1153
2811
1324
1750
1400
4564
1770
4055
4631
2740
1216
2192
4957
3501
1475
4891
639
1182
2132
2619
786
1729
946
3207
1237
2641
4630
3811
777
999
2221
2337
2264
1008
4148
1349
3213
4760
1120
1914
3590
2684
1388
3227
2752
3721
2286
1693
3956
1595
1687
2605
2686
4219
3045
654
3127
2215
2264
2537
4128
3968
1703
1271
4379
4206
1581
687
1265
2870
579
783
4146
1963
3071
4792
2673
1721
1965
2395
1438
3181
2074
4505
2000
2668
3328
2502
2157
3282
2081
4048
2251
1889
4530
1075
701
4982
4109
1531
1684
4718
1672
1578
4000
3601
4841
1528
2700
2748
1246
3264
4735
1862
1213
2045
1250
2199
929
2797
3134
876
4499
3590
1402
4168
1663
3028
1888
3865
3568
1814
3389
676
2403
3719
4802
3096
670
984
1884
3620
4365
3569
4964
2776
4125
599
792
2742
1721
1112
4554
4463
3528
1031
4407
2059
1065
2412
2739
1600
1419
848
1865
1497
1753
1168
1891
3900
634
1110
1064
2989
510
1625
3131
2273
1685
2424
4747
1564
1577
1282
578
1219
2801
4643
1117
2871
1960
1293
745
3644
1717
591
1409
3743
3464
1155
3017
3920
3184
3760
4129
3863
2895
1991
3473
2680
2673
1439
4801
3525
1845
3667
1561
2300
4593
2842
2977
1529
3285
2763
1847
2168
680
2406
1627
1309
4515
2931
613
1274
1631
3171
3794
4061
1227
1790
2113
1491
3703
3208
2716
4339
4136
647
3262
3051
3511
1447
716
1269
4240
673
3871
537
3602
3818
2650
4689
883
1008
3310
1318
3404
1984
2305
1258
1676
1865
3623
4701
2008
2438
2039
1011
775
1653
3413
4793
1804
1183
3595
682
501
4664
3375
3591
4157
2476
2441
3703
1768
1187
1897
1338
4312
2246
2975
2701
2927
1388
505
3754
2462
3501
1627
1925
3612
4353
630
3299
4321
4156
4481
4694
4747
4156
3566
2882
1135
2455
2009
4773
1144
1289
2100
4597
2761
4146
4429
732
2667
1271
3431
2551
3537
1891
4645
1274
1708
961
3244
3558
4287
897
1992
800
1649
2552
4577
2415
4211
2189
915
4627
1707
4662
3330
4306
3538
2775
2577
3026
1539
4713
3257
703
4323
4029
3805
3369
4913
1457
1748
510
4548
3301
854
3356
624
1584
1491
1912
3152
4562
3027
1113
2628
912
666
1634
1786
3610
3399
4332
2968
4412
1271
3801
4529
2954
3870
4810
1003
3341
1568
834
2806
2686
3803
3525
1803
4724
3063
2566
1847
1054
3022
1650
4602
1197
4120
1747
3529
553
3686
512
1093
2373
1451
4862
4483
2634
1672
4574
3044
638
3797
4397
3146
2014
1139
2588
4859
2967
4711
744
2824
4338
1864
731
1557
1672
1908
4978
1910
1126
753
3483
2557
3606
2181
4140
1891
3920
1591
950
594
1898
1238
4261
4510
3654
3498
4379
2159
3094
1304
2569
4189
4702
4110
1703
1905
2758
1137
4136
4908
4520
4511
3776
4000
1901
4536
2106
4801
1304
3317
4324
4175
4455
3603
3243
694
1090
2779
3582
1093
2649
1383
1594
705
2103
4582
3986
814
1941
3864
2507
3663
3563
2891
1494
3036
4315
4539
4661
3154
3445
584
4412
4582
903
4030
2574
3401
3240
951
3741
1030
1460
2673
3109
1978
3642
3671
2354
2171
2949
1331
1067
4153
1470
2899
1815
785
2188
4859
2439
1734
3644
3682
4285
3311
1605
1588
4238
1907
2399
2315
689
4835
3618
3072
3076
1489
1059
1578
4396
1121
1534
2953
1006
3976
4644
4328
2031
3124
4623
3118
4292
3963
1085
2725
3808
2660
3726
3795
892
867
1789
4677
1635
4112
1998
3162
2712
2339
2243
1553
2792
809
4733
4811
4992
2606
4845
4798
1986
883
3745
1604
4522
3622
4618
594
1979
861
3650
4839
2690
3580
3495
4932
862
1705
1478
2437
4167
2489
3504
894
3580
4099
1344
3695
4380
4640
4760
3721
2640
4419
1706
2057
4125
4109
3233
3766
4853
2168
1851
2310
2715
2436
1263
3025
2224
717
2743
2360
803
515
2537
2468
1847
3133
3693
3044
2264
3769
1437
3556
1025
2561
4203
620
2332
4943
3329
2499
4834
831
2526
3516
4527
2688
1748
690
3672
3970
4978
2042
2222
2638
1658
4452
2798
751
645
1247
1409
1326
875
3330
508
1141
670
3872
3089
5000
3685
3605
3901
4322
1171
3688
4158
3730
745
1990
1748
1043
2632
2020
4191
4891
3132
1046
1948
1314
812
1359
835
1241
4689
1880
1790
4990
2093
1093
4794
3775
504
1461
1369
2369
792
4707
3076
3050
1193
3775
3831
1755
2700
2285
715
2490
3583
2288
3670
2419
1589
1389
4999
4826
3641
3071
923
651
1215
1719
2276
2643
3616
2496
906
1699
2174
1422
4222
4517
2197
1444
1130
3403
4201
4255
4016
1707
4800
1998
665
3904
3916
4009
562
505
1395
858
2276
3196
4047
4370
1385
2336
4249
2686
2253
4261
2627
1093
1747
3619
4243
1727
3431
4803
4655
2491
1504
976
2215
4067
4215
4605
2733
1801
1409
1808
4261
3224
1071
1668
3401
4595
1877
4207
3300
3575
3745
3258
4987
3407
3522
2942
1461
2880
1110
1251
3866
2532
2587
1328
4168
1933
1687
4336
1747
1558
3634
4161
2472
4459
2103
852
1574
634
3008
1225
1786
3999
1768
3134
4111
1740
1606
3712
886
989
3663
2520
685
4321
1584
1173
2377
1085
1551
3171
3708
1240
4806
4326
4386
3164
2999
1292
3689
1156
1722
3721
2652
2597
2108
1572
3620
3137
1057
2011
2479
1670
2612
642
3444
4727
1308
1519
3988
2320
2583
2162
2129
4738
2166
948
3000
3509
1244
3248
3828
4736
2922
1401
4463
2323
1579
1015
4921
3831
843
2284
3799
3866
858
3390
1518
4574
4790
753
4029
3005
3418
1359
548
3867
1450
1028
980
1190
2634
2742
4662
1659
741
2593
4469
2697
2613
3623
4681
1485
1947
3111
2354
3808
1875
2772
1330
2330
2487
3642
3411
1033
1282
3053
4787
3396
4111
2469
4895
1976
2557
2532
2319
4881
1768
3461
762
2506
3711
2813
3115
4191
3766
4412
2253
2038
3231
3297
2041
1673
2357
2789
4970
4367
2977
4032
1167
4480
2267
1988
3434
2440
760
4378
4759
3761
1285
1330
2903
4130
1971
724
2178
2206
688
1505
528
3406
3064
2713
3841
691
4287
2939
3924
1518
1114
3323
2062
1242
2300
704
3954
2209
800
753
4939
1872
547
624
3291
2733
826
2273
4133
3242
2801
4551
3880
2310
3871
1006
1459
1420
640
3694
3898
1329
944
930
4840
1477
2518
4855
973
2692
4829
3658
3322
4217
1024
3864
750
2291
1039
3095
742
1674
2400
4343
4366
1956
1699
1662
2893
4805
1994
2035
3419
2909
1268
2882
1419
4147
2708
775
1374
1154
3330
3563
1937
4441
4400
4470
2512
828
710
2324
2794
3570
2257
2017
3712
862
2711
4644
2399
976
4378
3302
2396
3194
3982
2679
1479
639
1607
2419
4965
603
3384
3443
4554
2664
2310
2960
2427
1937
1031
4572
859
4904
1578
4368
3046
592
2662
1173
1021
2019
4035
3193
1405
913
3814
3804
962
1056
3929
1141
694
4400
2382
4010
3726
2412
3346
4974
771
1998
3767
1211
3275
4338
3563
1527
2902
1260
3102
2712
2086
4163
1923
3786
1142
1621
566
997
3858
2885
1817
1872
2657
2931
3333
2453
772
2879
4072
3267
4966
1702
2800
2591
2660
1246
4604
985
3935
2787
1475
3700
1663
1827
1194
2016
2252
2403
918
4740
3655
4321
4914
2424
1851
2414
814
3244
556
730
4507
4716
1314
1547
2302
2582
4898
3629
3286
1135
2963
2925
2997
3336
627
2381
4493
1199
2979
4651
600
2008
1891
3732
1290
2485
917
594
4742
3548
1942
1258
1641
3313
3783
580
3061
2511
3392
4718
3452
1703
711
1933
4279
3058
4116
1840
1897
4008
2231
3087
1674
3261
1841
909
4256
1104
641
784
1123
2053
1580
2724
2401
2674
1985
3419
3198
724
2837
3129
4115
4298
546
3660
3226
781
2268
1432
1701
1496
4083
702
2821
1214
2591
2839
2310
2449
3734
4849
2278
2925
4884
3558
4208
1268
1674
4229
2668
3028
3185
2692
4503
3406
3980
1502
3357
3681
3532
2551
1430
4053
2471
4077
769
541
2984
3171
3429
1044
2765
2219
4905
2849
1548
2359
2172
2687
2248
3462
3260
1265
914
2901
3337
3852
2925
906
1742
3171
1355
2259
2785
3969
4776
2317
1107
957
1632
2746
4280
2295
4472
2114
3749
1467
3535
1675
3863
3400
531
2642
2835
2479
3787
4683
3513
1359
2202
1367
3591
1905
4971
4810
2458
631
2482
2341
2253
633
688
3835
3006
1963
1496
3304
2416
1920
3850
2962
4819
2473
2470
3100
1631
2992
4567
4630
4901
1992
2251
4709
638
4772
2135
3643
3839
4311
2496
4395
1219
2500
2788
3113
2462
932
2620
3648
581
4372
3001
2626
4036
2116
4413
3455
1177
822
4066
4545
4342
1450
2200
1043
500
2163
1608
4608
1527
869
2133
4752
3334
4707
1155
3729
1220
3223
2534
4770
1015
2938
2519
1740
721
1371
2114
4657
2858
2531
2855
638
4113
3795
1298
4770
1103
4708
3454
4004
3838
3075
4587
3995
4777
3683
4974
717
3281
3934
1807
3606
3821
998
1721
2807
4559
3685
4232
3683
2149
894
2531
2790
4726
3443
2698
1119
4730
2771
4979
4058
1301
1269
2195
3778
3562
4576
1230
4584
3144
1302
1675
681
1937
929
4186
757
4922
1599
1546
4340
2842
4430
1215
4850
2404
2455
4458
871
731
3721
3796
1404
1399
4957
2725
1780
4038
1269
1700
4219
1999
4449
1518
3529
3635
4828
1016
3474
3641
1776
4763
1961
2104
2652
2551
1554
3304
985
2777
4351
4060
4923
3760
1129
4089
1216
3799
3771
3386
1411
1897
3987
1250
4565
3359
4008
3540
2806
4861
4245
4019
2495
4731
3213
1630
815
2207
590
4080
4311
2262
3956
1973
3459
4530
2005
1258
1507
1730
1288
1882
3362
2143
2657
2518
4268
2862
2792
4592
2698
3109
2285
1833
2657
2681
3046
2256
3173
1375
2071
2315
4823
4400
1610
2111
2432
3008
4955
1032
2430
692
1699
1636
2505
4500
3668
3134
1750
2119
2337
3821
3596
3436
4004
4056
517
1773
721
4127
1454
2270
3042
2830
1295
2343
2827
2422
1425
2880
2609
2749
1922
3545
3180
4070
4202
4315
2168
2623
4824
3346
2934
4595
3591
2299
4996
3108
3236
4023
1071
4722
2412
2371
3235
2376
859
888
3389
1427
2256
1117
1267
3440
4297
1027
4435
2721
3811
4981
1215
3246
1938
3657
4137
1134
3731
1682
4264
1889
2024
2397
4953
3353
3515
3962
4531
1701
4246
4235
2667
3267
1244
4715
2897
2869
2252
2007
1996
3220
911
3891
2054
1716
3406
4077
4592
3714
3344
2069
3502
4773
780
4202
792
4952
4470
808
1779
2485
4343
1226
3801
2390
1447
1167
4416
1735
3320
532
4447
3490
1099
2704
2860
1440
892
3769
1494
1219
1477
1730
1330
3564
3475
4449
3828
2236
743
4983
2239
4643
3118
4589
1279
2102
1681
2757
1649
2212
1432
2298
4157
3831
3212
3383
1974
4060
4686
4542
1565
1114
3199
1218
3560
3780
3722
1513
844
3803
3541
3296
1097
4521
4418
1974
1098
520
2461
1550
4633
3445
860
4119
1586
612
3824
1894
1689
1169
3191
1130
4857
4953
1768
851
3931
1437
968
913
935
4060
3808
2128
3971
1201
1728
4917
3845
1378
600
2876
4309
1014
1275
4737
4202
1042
4988
2966
1944
1318
4693
3870
2230
4604
2232
1970
2828
4460
2304
2352
2744
3749
2464
3842
2424
4961
850
1855
2894
1960
3612
4086
2050
3494
3685
4275
3083
658
1275
1373
1411
1027
3336
540
4334
2049
2872
2438
3870
3531
3200
4395
4720
4729
3214
839
4931
1806
2271
1871
4929
1928
1266
2296
1917
1131
714
2262
4053
3854
3719
652
4147
3513
1620
1547
3625
4348
2947
1143
3822
2502
4961
1773
625
1145
2455
4554
4654
2443
788
1212
2942
2232
4835
3929
3639
1668
2893
2130
4287
4076
3627
866
2136
1226
3928
3197
1371
2388
3957
2500
876
4725
3031
858
4007
1764
2609
4935
3923
3025
2083
3987
712
1701
2803
2385
634
2799
1564
955
1488
1645
4268
4358
2838
1048
4998
4442
1887
3655
3160
2941
1677
2239
4456
2931
3744
4944
3832
701
1279
2445
1474
3988
3092
2977
4443
1634
2510
3153
3992
4218
3429
2675
1429
2976
4334
3599
1448
3636
1557
2705
1314
1189
2776
801
1418
2909
2741
2594
4022
1853
3891
3046
4621
893
1239
2792
737
1627
4284
852
2756
4018
2929
3415
2137
1114
3438
3948
2756
3040
4315
1690
872
943
3412
620
939
4121
4974
2500
3312
4654
915
3606
1056
2784
1599
4217
1652
1359
3657
1974
601
4644
1618
1405
2876
1667
2352
1879
4258
1796
1120
1356
591
995
4254
2119
2200
3533
726
1501
836
1891
4899
3657
4700
1124
2690
3151
670
3370
4265
1287
1605
1507
2915
3042
4169
2076
2726
3873
4427
4211
4525
1761
924
613
920
3956
4460
757
2592
789
2470
3399
836
3664
3801
2803
1576
3093
1256
1681
3429
796
2728
2920
4827
4315
1758
2784
4400
1140
4337
2474
3128
4079
3842
3331
3418
4460
4357
3812
1190
3390
4083
4011
4131
1066
4515
1332
890
4872
2630
2859
3141
1459
1545
4364
3368
1786
2625
2017
1620
587
1178
2940
2076
4295
2033
749
4461
1456
3645
2116
2972
664
3787
2826
655
4496
2091
3128
2535
4128
2472
994
3579
1927
3994
1437
3903
2854
508
3527
4826
2855
4286
1107
3807
2751
3211
4208
2694
2703
1463
1233
3937
3806
3908
3748
2910
1560
1402
1769
3001
3382
4480
3441
3832
4845
3127
667
2065
1267
2368
4350
4641
3755
564
4117
846
2338
1300
4835
2689
3933
4045
1632
1871
3341
1816
4684
2866
2581
4696
1220
568
4464
1090
3096
3698
3530
2881
4204
1578
4852
1919
3263
860
4356
586
3754
2987
586
751
2516
3428
2350
1501
3902
3912
1891
2337
3303
1661
3330
2058
1608
3586
2037
1743
4861
3142
3037
2046
1359
2190
4005
4119
609
3707
897
2756
4708
1112
2078
4467
3929
1362
1856
4545
2819
4944
3912
3537
2080
1864
1056
2738
1923
4190
4122
829
2422
1037
891
3274
2090
3462
2477
3922
4955
2331
1356
2859
2070
4634
4226
2111
2007
2828
801
2547
2282
3440
2191
4999
732
1708
2941
3820
1100
3326
3288
1286
2726
2729
3294
3355
2258
4762
1356
1761
688
3335
4920
541
3839
1531
3040
1608
2233
1375
4776
1696
3614
924
4852
1525
3784
4642
899
1745
2699
1750
3483
3243
1508
948
1176
4917
4867
2025
3561
1568
4185
3228
2709
1825
1395
4075
3384
4841
4092
4221
4818
2320
1238
1966
609
1679
2738
1496
562
3121
2659
4526
3466
612
4523
3896
3689
1486
2064
719
3582
1776
621
4447
3343
1833
2260
1123
3672
1707
3591
746
3163
3386
4289
1947
1254
1500
2904
1813
750
4365
1369
504
3831
523
2531
3923
930
2692
4663
1618
1529
1792
1939
4379
2868
4586
1124
2040
2176
1088
3522
3550
4780
2679
4737
1817
4932
526
1616
4327
1762
537
4558
3367
523
1367
4597
1825
1218
4016
1097
4585
1322
1286
581
3820
3310
1942
4318
1783
4761
1862
1941
4872
3328
3643
4761
1790
1356
3777
2450
4155
2846
3339
4398
1584
3566
1248
4787
3072
4081
4083
2968
1730
4215
4145
1539
3014
3665
1140
4076
2856
3102
645
3688
904
1685
3321
4142
2437
4581
1047
2807
2885
4729
786
2187
3414
1052
3034
2693
1057
3500
4115
4538
4777
2315
2273
1822
1113
625
4279
4279
551
3493
2053
4366
1507
961
3874
3324
2328
3490
1833
2549
2277
4566
4556
3126
2702
3430
850
4692
867
1411
3973
4694
2213
1805
796
3970
2482
3335
1831
1188
1491
1277
2681
601
2490
3199
4845
2157
4890
4823
2388
4367
4257
2248
3184
2820
4087
1743
4020
3420
1275
2486
3597
1725
1596
1700
599
1279
3368
4411
2894
1991
3825
654
2620
1566
1809
1654
2609
3134
574
2390
4986
3691
3176
2384
1302
4017
1752
4347
2145
2802
1941
4588
845
2328
4536
4110
4803
1574
1991
2448
4399
1757
2271
4418
2224
4674
2633
1319
3708
3650
2144
4080
3337
3997
3102
4032
924
3109
4451
4689
3807
762
1257
1293
2656
2339
3444
3977
767
4703
3219
1471
4439
2702
4860
2434
4803
622
2535
2358
1256
2485
2906
891
952
2764
1245
3943
1441
4893
3465
3815
3086
3273
1024
1155
3084
1501
4048
1318
592
556
4891
1219
2443
3201
4666
4402
1684
4896
1780
4428
510
4844
3002
1137
1780
4255
2008
2865
4845
4567
3927
4602
4041
2567
1948
4659
585
3460
1619
1764
1878
3269
1229
927
984
4279
3575
1876
3179
1237
3320
4881
2845
1292
1837
1466
4810
3496
3479
2478
1501
4476
3215
1499
1989
2162
2208
2781
2692
2984
4741
1259
4460
3519
2650
762
2707
598
2022
3726
1852
1418
1277
1283
3231
3583
2410
4140
2986
4820
2658
1436
3640
605
4819
1052
966
839
3388
935
2077
2528
2543
2082
2674
750
2276
3084
2420
2969
3489
3910
3490
1491
4703
1674
3021
2351
504
4972
4275
4038
1751
3109
2867
1848
3755
2639
3288
1645
4004
1509
1032
3407
704
602
2096
1187
4379
2009
3290
3604
4788
2725
636
513
1573
1526
4186
1853
3954
891
1599
508
615
815
2387
1737
1328
992
727
2166
3999
1340
4447
4363
3995
2049
4779
561
1157
1584
818
3120
1998
4820
1574
4326
556
4809
4815
3055
2400
4881
925
3615
3055
1592
4044
3473
1175
3658
2057
4258
2764
4506
2349
1018
4930
3939
793
1384
3524
1572
3912
1537
550
1918
3327
3052
1491
4181
2355
3261
1317
4037
4150
4502
2064
2429
3281
4615
2239
2014
4070
1794
580
1250
2127
1903
2135
1664
1171
714
2034
1950
2830
3500
641
3055
1913
4582
2400
4756
3873
1700
4183
4028
3717
2358
1785
526
3179
2671
752
795
753
3176
958
2555
1525
1449
3766
4695
1724
1853
4696
1645
1955
2075
2278
1640
3333
3065
2739
2863
1575
1508
1327
4619
784
3878
2569
4824
3658
4272
4994
2070
1117
1088
556
2878
4670
1231
3024
568
2478
1385
1684
3585
3766
3955
3296
3900
4845
698
3391
804
1245
3962
1606
1647
3249
3276
4936
1430
3276
3928
4336
3977
4169
3457
3221
845
2804
968
3183
3681
2460
1418
3864
3342
4881
1014
3319
1150
1445
2683
904
1096
4067
2722
3427
3043
4508
2815
573
2951
1213
2578
4156
3252
4134
515
727
3581
3270
4285
2823
3260
1677
1846
4267
3011
1275
1993
3759
4544
2609
4261
4783
2687
4821
1113
4286
571
1456
1998
3120
3661
3744
563
4420
1701
1258
3496
4282
2400
4310
707
1053
2607
1653
1063
3116
1115
3048
2794
3859
3304
4573
4939
932
2760
4668
605
943
2593
2229
3873
641
4356
1024
1588
2385
2250
4506
1440
4015
3594
4241
2385
2551
2357
4894
4251
2061
893
4172
1962
2669
4511
4547
2727
1713
1952
4126
3332
1495
4539
3699
2251
2613
2978
566
2280
877
1371
3837
609
4992
2145
1283
3415
824
1021
1377
4111
4182
1296
4460
3210
3008
4839
3244
1702
1649
2375
1094
1286
3583
4934
3715
2228
4457
1467
785
3173
4508
4397
2976
2352
1460
3512
754
3232
2148
4881
606
4633
4986
1492
1102
1369
3544
3511
1636
1920
2458
2572
569
1889
872
4140
2910
924
3028
1977
3410
1682
4200
1749
860
1474
1342
4366
850
1220
1628
2614
2802
2546
4650
860
4695
939
3473
4109
2390
3745
1523
2561
1687
2967
2147
4350
4873
4222
4345
1114
1072
3627
944
1165
4430
3354
1745
4833
3626
1385
3896
3450
3942
646
4060
973
2142
1321
1800
1067
3217
1540
3417
596
1680
2463
3932
590
3190
4267
2358
2178
520
3971
761
1236
1621
2866
4446
3989
2753
3896
3674
1713
981
2212
1750
1639
1495
3301
1841
3614
4781
957
2619
3601
924
4753
583
1244
3949
2510
727
3464
2102
1580
2999
1126
1871
2934
4911
3649
2787
4544
713
3824
3378
1825
3443
1620
3680
2567
957
2109
4769
2908
4582
3235
4368
2088
2288
505
3235
3407
3999
4199
3544
3728
4294
3094
835
3721
1294
2059
3137
2308
3573
2010
1586
1572
810
607
4482
3212
820
2970
584
2851
3404
3613
1383
4129
3738
4663
2611
2174
3930
3824
1930
2327
3613
2231
4687
1196
1638
3438
1312
4029
3881
1860
539
1322
1172
4813
2286
2972
1651
943
3391
3746
4873
4560
2659
677
1955
3838
2641
3334
1444
4517
1985
4177
2430
1224
1317
3335
4978
4482
3722
4970
4055
4314
4169
1970
3560
4096
3115
2229
1499
2153
2831
577
2704
1618
782
4702
2773
4748
1626
4152
2136
4884
772
3238
3830
2072
1379
1130
2231
2816
1374
3040
1819
1340
1906
4173
1409
3836
4613
2025
2181
3756
2304
4115
1044
1521
4442
1028
2831
2442
1367
4176
3307
1770
1731
3139
1164
2128
3002
1363
508
3302
3894
770
4970
3311
2162
1870
4348
4580
2517
4791
3344
781
1690
3649
965
1497
2961
4673
3797
2806
4642
740
1169
1950
2444
607
1093
1841
4574
2839
3849
3996
4787
637
3829
3884
4603
2267
931
2592
4710
2093
1923
1073
4368
4976
1733
2949
1765
533
3909
3294
4229
3181
2363
2697
3807
2578
2347
2230
962
4125
978
1186
4656
1458
3288
1073
4117
2614
2383
2631
2406
932
1683
4591
2453
694
2776
1011
2397
4411
2473
2480
2164
1879
1454
951
4641
3327
2204
4890
2775
1571
3293
2356
1483
3259
4809
3728
1610
3163
2637
3365
1487
3925
2417
3583
3802
3149
1716
4535
2518
3249
584
1486
4704
4980
1463
3415
599
1575
992
3530
4136
3533
2377
4941
1610
4926
1379
1289
3467
688
2275
4222
3406
4093
1746
2937
1767
2487
841
800
1668
1398
3648
2554
3601
3649
4315
2957
1460
668
2086
3411
2127
3911
4746
4611
1016
4748
559
1773
3550
1991
1327
1058
3758
4126
1059
1091
943
4098
630
4848
1988
3329
2114
3994
3108
2319
2385
4184
4115
4615
3452
3169
3094
2125
2318
2469
1520
4921
715
2789
3003
3916
4493
3447
735
2330
2097
4079
4923
3416
2989
3125
4255
4460
1005
1453
1979
4466
3696
4894
2837
2785
1061
3995
2115
1865
2488
3615
4842
1281
742
1258
4666
547
4399
4433
1432
3444
2628
1765
1535
4641
991
838
1584
3570
2632
1411
1921
4329
3480
4359
3497
2497
3479
1170
2272
3339
1292
3818
2511
3834
4385
2241
658
3018
863
517
4017
3321
4728
611
2089
3994
662
4127
3733
4603
1372
1201
2925
3649
2900
807
4847
2189
1794
3333
4384
3280
1962
2845
3249
3442
1156
1824
4058
983
892
654
800
4247
4522
3152
4655
4481
3696
1339
3074
3886
2393
711
1458
1235
762
2941
1753
966
4187
4935
2507
707
4652
3914
4326
3155
4140
2974
3724
601
3379
1769
2710
4124
2442
2773
1797
3111
4212
4804
3581
2910
4193
2203
726
3398
3610
3651
1945
1293
4606
3519
1938
2142
3209
2176
4174
4168
1202
3469
1730
2574
2707
4244
2033
1521
1255
2438
3803
1699
2260
2039
2106
1311
4533
1490
2937
1450
868
545
4769
1083
3828
4225
3732
4149
3887
1280
585
3295
1807
4179
2392
2868
626
2912
1936
2153
1731
2440
1955
2540
581
1298
1879
4608
1531
4503
3532
3751
2653
2968
2449
1609
4420
2503
4163
3057
4650
2564
2950
2517
2442
3311
2543
4233
2119
1104
3682
2136
4990
1670
1298
4996
821
4030
4230
3502
1567
2982
4695
2941
529
1932
4570
4811
1014
682
3001
1979
1109
4344
4536
4482
2641
2164
715
3422
2075
3802
2676
4730
2420
4090
4614
1170
2098
1631
2104
1059
4355
4005
3107
2406
2971
1449
2074
3029
3537
2379
1540
1271
3087
3886
3729
2954
3012
2610
3980
733
1311
1260
1418
2338
1240
4515
4141
3453
3156
4980
3832
4251
1131
2260
928
2596
3141
3220
1282
4752
1740
3328
4029
1593
4551
649
798
1366
730
1878
4366
727
813
3390
3030
1529
2718
1576
660
2754
1469
3923
3596
3971
3467
752
1839
3183
3369
3402
4636
586
3904
1096
1477
4631
4680
2593
1846
4535
4476
1007
3162
4490
3540
4114
4772
4495
2167
779
3671
1271
4400
2742
701
4736
2219
4320
3475
2164
935
884
4932
4849
1377
1565
3871
4810
2822
1864
3878
1199
2043
4132
2635
627
4333
1530
740
588
4973
3160
2408
2942
2019
2693
2811
1467
2814
2891
1754
1259
1029
1253
3329
4434
2059
2728
3457
2622
4253
4326
733
1461
2992
1740
2072
2534
724
2948
1673
2332
3547
3130
4369
4272
2569
744
3988
730
4727
2994
4552
514
548
2566
883
943
1418
3155
3721
3542
916
4533
1636
608
4453
4874
3716
2846
3199
4915
2907
3107
1630
1435
2004
3506
2217
1821
1609
753
1481
1464
2001
4956
3038
572
1252
2582
4449
1985
1386
4351
2206
1036
946
3053
2101
3188
2331
4763
4405
4907
1654
3980
1515
2634
810
4416
3062
3321
1956
1148
1170
757
1236
654
1232
1500
1686
3999
4976
738
3155
1588
4184
2320
839
4867
1688
4913
2660
2966
4903
4398
1510
1641
4041
3400
4739
816
4129
4832
4189
2193
3414
2637
4607
4949
817
2788
2579
1945
3112
961
3748
563
1100
4842
4655
3510
3725
2110
2683
2706
2719
3272
2905
1184
853
2958
4500
3025
2633
2919
3040
4287
1163
2965
2484
1454
3863
4068
4942
4098
1302
2077
2105
4365
876
4012
1588
4843
4579
4700
640
712
3793
3431
4912
1347
2671
1650
4022
2405
4959
2101
2146
752
677
3934
2957
557
2172
1946
1406
2775
4496
845
1926
3606
3859
1216
2694
630
1141
1387
3489
4281
3967
1947
1457
2792
1477
1649
1013
1060
2179
2610
3243
1059
2982
1831
873
4663
3194
3505
3939
3202
1251
3596
3388
3426
4086
4535
1647
4545
4876
3781
4948
1927
2318
1868
592
1804
587
1204
641
1402
4796
4893
2202
1296
1715
2518
2320
4961
3567
1996
3169
2984
1899
3732
2427
4226
1521
1017
1738
4638
771
1017
2231
2998
3307
1955
1982
3073
4385
4895
3832
4343
977
3846
735
740
761
1449
3382
1406
1358
4931
3302
4894
4336
1533
4958
2929
801
3673
2379
604
1169
2608
2535
1836
587
4423
1412
4930
4280
2397
1509
4080
845
4846
3694
3289
4355
1674
4364
3978
3805
2747
3944
4084
507
3071
2394
1267
1510
4480
3600
4329
1655
3880
530
4794
758
2699
1768
1871
4994
3219
2316
3574
3165
1956
1786
4506
2497
1054
1326
2436
2830
4102
2797
2135
4668
3292
628
4691
3398
852
4789
2792
689
4512
2673
3762
4831
3928
2593
3279
3315
3226
1653
4830
4174
2960
4341
1336
3541
1806
2833
3047
3310
4365
3947
3988
2622
4196
1312
2217
1886
3198
1451
4165
1214
2234
1631
1919
1740
1963
2249
4437
2321
832
2923
1333
2257
4872
2042
4891
3584
3480
4923
2119
3264
4878
571
3009
3741
4395
3836
3866
2106
1619
1237
1976
3286
1657
1315
947
2375
1856
3496
4533
1660
3308
1505
2901
4249
1137
3480
662
4837
2960
1375
4727
4666
3417
2493
4209
1186
1816
826
3942
1072
3170
4129
1944
2987
2200
1394
3551
3031
1128
714
4136
4026
1758
4015
1824
2390
4682
2554
1809
1037
3462
2249
3465
654
1755
4129
1739
4667
1982
653
1012
2275
2879
1729
2168
3950
1877
1254
1217
2691
3280
1860
4485
1664
2620
3832
4207
3135
4879
3330
4873
1210
1038
4540
955
557
2595
1778
1398
4982
4506
2942
3668
3609
3729
3543
3390
3135
3776
1802
3200
3029
3740
3814
4957
4626
1925
4311
3127
2842
1578
2207
1296
4472
3833
2262
842
4874
1113
1356
646
1198
576
1276
4785
4399
1176
4388
1257
1271
3099
4922
4295
1387
672
4789
4335
4774
2039
3305
3497
3800
1323
3229
1191
1465
3826
3192
3293
3288
4944
3640
1568
3713
2475
2282
2761
3418
1871
1507
3060
698
3362
1236
1041
1034
4699
3620
1526
1517
1400
908
4944
3247
4392
4032
4529
3164
3828
4561
4999
1677
690
1020
1693
948
1819
779
3500
1587
4938
1217
732
3741
4153
1608
3784
3433
2889
4261
3120
3076
1541
3953
4163
1830
2993
895
964
1807
3987
3859
3676
3563
913
1272
3893
2921
1056
851
2947
1799
2692
2716
1633
835
2936
4920
848
4447
529
3544
1070
3979
2590
1529
4094
1623
4312
1696
2779
3488
3042
3340
2564
938
2364
1265
3963
909
1232
1076
1313
3333
3687
2580
4245
947
4229
4009
1388
655
3120
4138
777
1801
744
4947
2216
911
2246
1429
1676
4562
4807
2449
1426
4684
1290
2991
2863
3289
3963
3535
1092
1676
1927
4484
1951
609
3400
973
4776
2304
2874
4115
3981
1669
4300
4533
1539
3367
1170
1469
1723
2459
2687
1436
4287
650
3872
3838
1677
955
4959
1023
3282
1486
2612
3719
1043
1382
4135
4652
2951
546
1219
901
2105
775
884
2574
3569
1131
626
1287
1171
3414
2187
4228
3959
596
4263
1273
2152
640
1764
3337
3424
4350
1433
3220
1454
2658
2230
4881
4356
2005
515
3525
2720
2604
3719
2877
3101
1995
4157
3497
1635
1952
3620
2049
4536
4210
1331
3644
2919
3839
4019
2533
1322
1040
1497
4018
1259
3636
4321
2732
4957
692
639
1651
2539
2707
1578
2486
1711
4196
3992
4308
4675
688
3915
3844
4116
3605
1899
1914
2011
877
2673
643
2307
3741
3424
3262
4962
803
1588
1522
1742
4830
3119
1043
918
4183
4872
3924
740
1642
4102
3070
3691
4745
3815
1534
1819
3848
4003
2428
3890
1150
3294
680
3730
2845
4269
4482
1162
2698
4335
2302
2988
1565
4475
2868
2378
4182
4063
971
1293
4432
3624
4971
2292
4831
2654
802
3552
4412
4629
1890
1614
1083
3021
697
3968
1152
3276
3543
4152
924
3453
621
1970
3957
1444
3864
3823
2183
1707
3152
3519
1587
1195
4836
1686
3709
1603
1829
4006
2960
2242
4099
3672
1405
828
2422
2420
4153
4951
711
3861
1658
1387
4532
4510
750
697
673
4799
1430
2195
1701
2828
3544
3404
1351
3748
1427
4927
1272
4110
1822
3258
3756
1213
680
760
3884
772
765
4466
3353
1866
1342
1701
560
1430
2644
3897
4776
3540
3001
4011
900
4658
4705
1029
2822
753
3603
722
2531
3844
2779
808
2659
2250
4476
4741
1570
3712
1315
2970
2711
2387
4509
788
1235
1863
4480
4641
3789
3619
2018
2971
963
705
1621
1090
4671
3647
901
1420
3500
4207
3280
4976
3228
1960
710
2483
4469
4709
4600
3087
2888
4546
2717
3356
2061
3180
1811
3760
1428
4057
2416
4469
4889
977
2533
2534
2939
2970
3059
765
2336
1462
940
3559
3997
684
1593
1554
1300
1498
3823
3872
865
1109
836
1726
1323
535
1339
4278
1313
756
913
4749
3148
1198
3609
565
2027
1453
2339
636
4653
3160
3088
3830
883
3388
4379
4880
4814
1120
1358
2615
721
2248
1567
1034
2244
2350
2737
3674
3896
1263
2325
630
4477
4420
2446
2300
3714
4470
3595
4207
842
3111
1196
1753
3378
937
1631
4433
3709
2097
3528
1321
2655
4038
3635
509
4348
3849
2062
4682
1249
2268
4966
4265
2565
3196
3833
4089
4638
2034
1946
2262
997
649
951
2508
2156
4128
2465
1042
3686
3255
3323
2927
2265
3935
2336
3737
1114
736
581
2685
825
2385
3006
659
2885
2085
3723
3758
794
4807
2583
1640
4487
3157
1183
3747
3447
4614
4823
1874
2967
1924
922
864
4227
3302
3753
3350
502
2525
4234
1564
4937
3592
3381
1134
4865
1450
761
4563
1581
4852
4027
2558
3921
1754
4675
817
4383
3714
2674
3685
1469
2218
1174
1737
1594
2905
2801
840
1011
4991
2383
2174
4271
4029
1856
2104
1712
4656
1498
3497
2970
2637
2803
4542
626
4610
873
4041
1450
2153
4560
1283
1891
3515
1355
3907
2801
2913
3922
794
1577
3671
3825
540
1117
3764
4987
4336
1834
3852
958
2986
836
1274
3527
4452
1951
1653
2440
1449
758
3298
1547
2116
3409
4237
3954
902
880
4879
3624
2607
1938
887
2040
4425
902
4965
3655
3412
4178
2472
4051
4949
1389
755
1626
3504
1458
1838
1681
4511
4534
4160
4316
2681
4197
1307
3342
3753
2263
759
2729
1032
1006
4488
4183
3802
2651
2723
1511
2506
1646
4433
1632
4500
4981
3003
792
2226
3234
1642
1333
2948
860
4392
1029
1309
2149
1676
2343
657
4459
3156
605
2915
4258
840
2093
1101
1509
3776
1298
868
4143
2976
753
4704
3580
3578
2548
1001
819
1090
2320
4156
3463
1074
3964
1948
1177
2336
710
3071
2354
2832
4168
4155
2842
3080
1279
2203
3499
2025
1783
2100
2568
824
4131
2364
753
2666
4987
785
2777
683
516
3504
4905
4909
2161
2096
2934
2023
884
2858
4241
936
3404
503
2211
884
2200
965
1764
3734
2804
3901
3565
4248
1146
4213
689
2377
2226
1129
3168
2494
2945
1073
4125
2240
1755
4868
4287
4278
4214
1643
2460
2521
3587
1068
3754
2412
2961
3696
1043
4850
4009
757
3771
2537
1876
4960
2973
2965
2957
3415
2249
1334
2576
2924
1945
600
2386
3690
4888
883
2497
1980
2040
3041
2061
771
660
1911
2379
3420
3457
4684
2331
1056
804
2748
2344
4026
1507
2829
914
1860
1079
3301
1549
2543
1783
1881
4044
2821
4102
668
2463
3398
2323
595
2457
865
4557
587
3938
2373
4003
2493
1536
4214
1542
722
1979
1047
4857
4268
1886
1517
2415
2013
3434
3897
4439
2880
4007
4400
2275
4484
746
4378
1291
3668
1736
2459
2848
4455
3550
1748
3519
4135
1416
1761
4842
4301
1643
3614
1682
3229
4989
2790
4772
2376
2247
2162
2326
1057
1342
1590
3795
3945
2430
3618
3307
1426
3149
2734
660
2548
4318
2949
1479
3892
1573
564
4055
3631
3624
1528
3764
2799
862
898
4403
3298
1175
4970
722
1019
1946
4699
4483
1950
1790
4528
567
3139
3991
705
4637
2929
3752
3093
2480
3192
2677
4823
2516
4104
660
1547
1002
970
2462
1892
2322
2731
2313
3427
1019
4253
4503
2817
2941
4403
4247
1732
1914
3262
1370
1722
1878
4420
3312
4015
1474
1605
708
1307
576
2415
2397
2902
653
901
1309
3941
3760
1629
3964
4332
730
3911
4267
4158
4514
2748
2431
1046
3303
3393
2464
3250
4768
1107
4624
1999
1773
1344
1172
4907
1545
4741
4432
2516
2855
4611
972
4523
3947
3233
4600
3718
2486
4790
2779
763
3997
1697
1383
762
2028
753
3996
4042
1643
2145
4267
1285
4067
2049
1647
1560
2515
824
4507
4549
2602
3802
3572
2951
1612
2804
882
3051
1799
827
2651
3251
4732
3744
1091
646
4288
4751
3217
3970
3603
2405
964
4348
1927
2220
779
821
4792
1411
2335
1852
2529
3803
773
2894
963
1130
1882
771
4516
4630
542
1570
4015
885
1713
2658
873
1151
2231
1500
1484
2827
3153
2353
520
2282
2241
2558
4184
4772
4278
990
849
1604
4576
2831
3228
4523
1356
1294
1624
1921
3902
4787
662
3425
3572
3207
3718
4650
2409
887
4385
1594
1433
4683
4374
804
3036
732
1974
1197
2645
4244
4674
1342
501
1099
4850
1053
1514
967
1471
4116
1266
2019
950
4145
3205
4681
4853
1084
1689
1026
1857
1691
3318
1671
4414
2240
694
2659
968
4507
3417
606
1212
795
3406
1107
1274
3581
2209
3371
782
2225
963
4741
3671
1896
3795
680
4667
4673
2320
4621
2976
2089
1549
4387
1903
2706
838
4708
4952
2539
1760
1784
3316
4885
1670
1616
3683
4749
4009
2041
4641
2689
2845
3755
857
509
4733
3020
928
3302
599
1450
1052
2060
733
3592
1248
2222
2596
3100
3923
3422
750
2418
3931
2457
4008
702
4258
3441
1886
4229
2729
3610
2616
3942
3521
883
3060
1944
3546
2258
1632
1669
3879
1902
970
2503
3688
932
946
1652
923
4780
935
2403
1125
4984
2917
796
1919
2086
1242
1373
3889
3214
1008
4275
4932
2418
1027
697
4506
2455
4573
1961
4743
1677
3246
2569
1364
904
1654
3496
1953
3287
2485
1306
2583
4077
2947
4902
2325
4139
2429
1153
3540
2370
3064
3583
597
3015
4291
1474
3431
2227
2623
3911
4934
1209
3497
2935
2517
1090
4537
3875
3010
1858
4307
1429
3109
2274
3235
4356
2395
575
1466
1200
4741
632
4632
3244
3747
2143
3199
2902
3806
1293
4818
4630
3479
3867
1064
2956
3765
1105
4717
585
3591
1734
4209
4030
3887
4759
927
3849
2005
4636
3542
2597
910
4158
3349
1254
4646
1014
3027
4364
3254
3279
2715
3607
2904
3783
1766
944
4323
3928
4868
2801
930
2117
3412
4816
2937
2073
2521
4148
3810
3583
1055
3401
2823
3026
4946
683
2998
3124
2741
4917
3974
947
2446
2883
954
612
3300
2445
788
3482
4231
4246
3505
535
605
970
2680
3968
3516
3349
1182
1727
791
3865
3157
4724
915
670
2548
3990
4713
1850
3568
4472
948
2375
4632
2776
2818
1696
3875
1552
596
1738
4025
3998
2388
2131
3636
3033
1028
1386
1258
3859
2504
1213
4924
4618
3084
1474
999
3395
503
3648
3493
926
1448
4552
3200
997
4660
2149
3677
1851
2543
2931
1224
1819
2024
4649
2443
807
2417
2546
1886
4094
1619
1886
2756
1981
2565
1402
811
4666
2365
4790
4567
4509
2481
2737
2379
3223
3073
1711
3864
4972
4241
3093
4532
1079
2490
587
856
3451
1894
1426
2439
1531
4707
1015
904
4491
3780
1139
2186
1893
1478
2663
4986
1100
4914
3065
4909
3486
3994
1022
1530
651
2363
4542
3659
4120
4409
945
1251
1765
3197
4723
3264
3314
3570
968
1001
3204
3220
2660
4321
1170
2690
3155
3564
4968
3116
548
4248
4039
2548
4895
1582
531
4198
2431
2792
2065
4615
734
863
719
872
982
2449
2849
1157
1805
794
3345
2404
1318
1631
4395
3277
2104
1716
3499
811
1752
4373
1681
3030
896
4331
3419
1538
2031
3860
566
3348
2380
1325
4685
